   
   1209.9302981800731        495.01458648844465     
   1193.4160995222835        486.44387234625833     
   1177.6996985050662        477.95334392354761     
   1161.5133169189562        469.54582258589352     
   1145.9455611104977        461.21854741220091     
   1130.1873087618308        452.97292121440807     
   1114.7155674006351        444.80787700287118     
   1099.3954641964965        436.72304275575419     
   1084.0421382316972        428.71901548739925     
   1069.1149773592210        420.79396790620018     
   1053.9355454705683        412.94966198398322     
   1039.3397042958568        405.18340868836924     
   1024.3905587647037        397.49752714292254     
   1010.0739184250712        389.88903284255497     
   995.39489477223640        382.36031584464860     
   981.32582232490245        374.90847902404988     
   966.93579408701555        367.53570829267051     
   953.10243095631120        360.23936498190255     
   939.00345496598504        353.02134931552536     
   925.40717191282624        345.87929053771342     
   911.59166893568272        338.81484694516621     
   898.23991179514667        331.82583700878024     
   884.69700646667025        324.91377539812436     
   871.59800280837510        318.07656523694430     
   858.31780762102073        311.31567803661113     
   845.47716961600156        304.62901417734753     
   832.45362140127406        298.01806862165785     
   819.87184338683767        291.48070071517549     
   807.10507433865587        285.01843145015289     
   794.77521304918264        278.62911994423962     
   782.27362484136916        272.31422265384919     
   770.17967604861576        266.07174421850505     
   757.96039916086454        259.90287588489429     
   746.07853395896677        253.80601885553767     
   734.16361065691945        247.78181379753482     
   722.46934182248481        241.82935272011147     
   710.87522009290285        235.94846029533974     
   699.35769398072887        230.13910529983616     
   688.07895151457762        224.40024244474614     
   676.75735966717934        218.73258456982833     
   665.75320835978323        213.13457322217252     
   654.68051930457068        207.60708855639717     
   643.88379383284155        202.14881366928662     
   633.11965819142335        196.75998481857232     
   622.48299065453273        191.44022523757820     
   612.04011071733487        186.18871977382057     
   601.58820801692389        181.00597682782887     
   591.39916025075627        175.89071101936139     
   581.21730666903784        170.84332423477201     
   571.19376617967930        165.86320953400397     
   561.32831623504558        160.94975327880763     
   551.48030351988541        156.10329030738794     
   541.85675655592934        151.32274204120088     
   532.28294919438406        146.60822003267958     
   522.81318762321723        141.95946025729137     
   513.52978769787273        137.37561936250006     
   504.27328984114166        132.85696507233354     
   495.16810291078104        128.40288657599945     
   486.20137713418239        124.01285612092670     
   477.27599466102362        119.68703705055292     
   468.50687090260607        115.42476235524023     
   459.85433580765016        111.22564485040158     
   451.25462671242411        107.08976050067488     
   442.79718237960697        103.01652388674692     
   434.45484746003649        99.005543503561952     
   426.16922181227608        95.056861057578260     
   418.00092413736286        91.170059654586254     
   409.95367839302753        87.344687608421225     
   401.97014377794369        83.580727366987702     
   394.07110196067805        79.878000007858475     
   386.28588760348293        76.236094635894844     
   378.58341823175084        72.654838629063036     
   370.94136417883800        69.134233844873322     
   363.37828393297917        65.674133702650479     
   355.90123312642294        62.274332357254764     
   348.48911046964525        58.934792171670189     
   341.12455294162322        55.655617211725207     
   333.80709366268047        52.436917121854059     
   326.53496080307565        49.278818139146289     
   319.29639241004088        46.181547462262401     
   312.07324987720142        43.145489857690649     
   304.84657528776222        40.171198702601288     
   297.59660191434068        37.259407317972517     
   290.29922022492320        34.411071426295138     
   282.92319244611105        31.627437532677579     
   275.42821639607132        28.910130860741727     
   267.76275441080321        26.261265813674338     
   259.86151407330158        23.683583111989908     
   251.63945419598909        21.180646409190079     
   242.97127796842094        18.757234258936748     
   233.70673853883349        16.419604881179648     
   223.63551242461440        14.176099111966600     
   212.47162225327105        12.037913061351135     
   199.82791954973897        10.020143226959828     
   185.21720096406082        8.1428610712769220     
   168.10170626159649        6.4317487670742901     
   148.09441644456180        4.9167863630386304     
   125.43857735866729        3.6261391974771762     
   101.49134536217421        2.5749643518806762     
   78.446919762088669        1.7565614820425957     
   58.189149982955001        1.1448705487262889     
   41.527715924029508       0.70494697684221430     
   28.396578567519267       0.40180608575511323     
   18.350806896058444       0.20441015963076059     
   10.884347311360544        8.6444654620215139E-002
   5.5597742088880775        2.5732623829802927E-002
   2.0574457475254699        3.0893806628978465E-003
  0.27740490222947906        7.0259058387678940E-006
  -7.0259058387678940E-006   7.0259058387678940E-006
  -7.0259058387678940E-006   7.0259058387678940E-006
  -7.0259058387678940E-006   7.0259058387678940E-006
  -7.0259058387678940E-006   7.0259058387678940E-006
  -7.0259058387678940E-006   7.0259058387678940E-006
  -7.0259058387678940E-006   7.0259058387678940E-006
  -7.0259058387678940E-006   7.0259058387678940E-006
  -7.0259058387678940E-006   7.0259058387678940E-006
  -7.0259802614677574E-006   7.0259067463617945E-006
  -7.0258332312558324E-006   7.0259058387678940E-006
  -7.0259058387678940E-006   7.0259058387678940E-006
  -7.0259058387678940E-006   7.0259058387678940E-006
  -7.0259058387678940E-006   7.0259058387678940E-006
  -7.0259058387678940E-006   7.0259058387678940E-006
  -7.0259058387678940E-006   7.0259058387678940E-006
  -7.0259739083104519E-006   7.0259067463617945E-006
  -7.0258395844131379E-006   7.0259058387678940E-006
  -7.0259058387678940E-006   7.0259058387678940E-006
  -7.0259711855287494E-006   7.0259067463617945E-006
  -7.0258423071948404E-006   7.0259058387678940E-006
  -7.0259058387678940E-006   7.0259058387678940E-006
  -7.0259684627470469E-006   7.0259067463617945E-006
  -7.0259067463617945E-006   7.0259067463617945E-006
  -7.0258459375704435E-006   7.0259058387678940E-006
  -7.0259657399653445E-006   7.0259067463617945E-006
  -7.0259067463617945E-006   7.0259067463617945E-006
  -7.0258486603521459E-006   7.0259058387678940E-006
  -7.0259630171836428E-006   7.0259067463617945E-006
  -7.0259067463617945E-006   7.0259067463617945E-006
  -7.0258513831338476E-006   7.0259058387678940E-006
  -7.0259058387678940E-006   7.0259058387678940E-006
  -7.0259593868080398E-006   7.0259067463617945E-006
  -7.0258541059155501E-006   7.0259058387678940E-006
  -7.0259058387678940E-006   7.0259058387678940E-006
  -7.0259566640263373E-006   7.0259067463617945E-006
  -7.0259067463617945E-006   7.0259067463617945E-006
  -7.0259067463617945E-006   7.0259067463617945E-006
  -7.0259067463617945E-006   7.0259067463617945E-006
  -7.0259067463617945E-006   7.0259067463617945E-006
  -7.0259067463617945E-006   7.0259067463617945E-006
  -7.0259067463617945E-006   7.0259067463617945E-006
  -7.0259067463617945E-006   7.0259067463617945E-006
  -7.0258631818545581E-006   7.0259058387678940E-006
  -7.0259484956812298E-006   7.0259067463617945E-006
  -7.0259067463617945E-006   7.0259067463617945E-006
  -7.0258659046362606E-006   7.0259058387678940E-006
  -7.0259058387678940E-006   7.0259058387678940E-006
  -7.0259448653056268E-006   7.0259067463617945E-006
  -7.0259067463617945E-006   7.0259067463617945E-006
  -7.0258695350118636E-006   7.0259058387678940E-006
  -7.0259058387678940E-006   7.0259058387678940E-006
  -7.0259412349300238E-006   7.0259067463617945E-006
  -7.0258722577935653E-006   7.0259058387678940E-006
  -7.0259058387678940E-006   7.0259058387678940E-006
  -7.0259385121483221E-006   7.0259067463617945E-006
  -7.0258749805752677E-006   7.0259058387678940E-006
  -7.0259058387678940E-006   7.0259058387678940E-006
  -7.0259357893666196E-006   7.0259067463617945E-006
  -7.0258777033569702E-006   7.0259058387678940E-006
  -7.0259058387678940E-006   7.0259058387678940E-006
  -7.0259330665849171E-006   7.0259067463617945E-006
  -7.0258804261386727E-006   7.0259058387678940E-006
  -7.0259312513971161E-006   7.0259067463617945E-006
  -7.0259067463617945E-006   7.0259067463617945E-006
  -7.0258831489203752E-006   7.0259058387678940E-006
  -7.0259285286154136E-006   7.0259067463617945E-006
  -7.0259067463617945E-006   7.0259067463617945E-006
  -7.0258858717020768E-006   7.0259058387678940E-006
  -7.0259258058337111E-006   7.0259067463617945E-006
  -7.0258876868898788E-006   7.0259058387678940E-006
  -7.0259058387678940E-006   7.0259058387678940E-006
  -7.0259230830520086E-006   7.0259067463617945E-006
  -7.0258904096715813E-006   7.0259058387678940E-006
  -7.0259058387678940E-006   7.0259058387678940E-006
  -7.0259203602703061E-006   7.0259067463617945E-006
  -7.0258931324532829E-006   7.0259058387678940E-006
  -7.0259058387678940E-006   7.0259058387678940E-006
  -7.0259176374886045E-006   7.0259067463617945E-006
  -7.0258958552349854E-006   7.0259058387678940E-006
  -7.0259058387678940E-006   7.0259058387678940E-006
  -7.0259149147069020E-006   7.0259067463617945E-006
  -7.0258985780166879E-006   7.0259058387678940E-006
  -7.0259058387678940E-006   7.0259058387678940E-006
  -7.0259121919251995E-006   7.0259067463617945E-006
  -7.0259013007983904E-006   7.0259058387678940E-006
  -7.0259058387678940E-006   7.0259058387678940E-006
  -7.0259094691434970E-006   7.0259067463617945E-006
  -7.0259040235800929E-006   7.0259058387678940E-006
  -7.0259058387678940E-006   7.0259058387678940E-006
